0.0,17.268922731440355,73.71908366630895,17.268922731440355,73.71908366630895,16.115366833560806,75.20580826084763,16.115366833560806,75.20580826084763
0.0,17.268922731440355,73.71908366630895,17.268922731440355,73.71908366630895,16.115366833560806,75.20580826084763,16.115366833560806,75.20580826084763
0.0,17.268922731440355,73.71908366630895,17.268922731440355,73.71908366630895,16.115366833560806,75.20580826084763,16.115366833560806,75.20580826084763
0.0,17.268922731440355,73.71908366630895,17.268922731440355,73.71908366630895,16.115366833560806,75.20580826084763,16.115366833560806,75.20580826084763
0.0,17.268922731440355,73.71908366630895,17.268922731440355,73.71908366630895,16.115366833560806,75.20580826084763,16.115366833560806,75.20580826084763
0.0,17.268922731440355,73.71908366630895,17.268922731440355,73.71908366630895,16.115366833560806,75.20580826084763,16.115366833560806,75.20580826084763
0.0,17.268922731440355,73.71908366630895,17.268922731440355,73.71908366630895,16.115366833560806,75.20580826084763,16.115366833560806,75.20580826084763
0.0,17.268922731440355,73.71908366630895,17.268922731440355,73.71908366630895,16.115366833560806,75.20580826084763,16.115366833560806,75.20580826084763
0.0,17.268922731440355,73.71908366630895,17.268922731440355,73.71908366630895,16.115366833560806,75.20580826084763,16.115366833560806,75.20580826084763
0.0,17.268922731440355,73.71908366630895,17.268922731440355,73.71908366630895,16.115366833560806,75.20580826084763,16.115366833560806,75.20580826084763
0.0,17.268922731440355,73.71908366630895,17.268922731440355,73.71908366630895,16.115366833560806,75.20580826084763,16.115366833560806,75.20580826084763
0.0,17.268922731440355,73.71908366630895,17.268922731440355,73.71908366630895,16.115366833560806,75.20580826084763,16.115366833560806,75.20580826084763
0.0,17.268922731440355,73.71908366630895,17.268922731440355,73.71908366630895,16.115366833560806,75.20580826084763,16.115366833560806,75.20580826084763
0.0,17.268922731440355,73.71908366630895,17.268922731440355,73.71908366630895,16.115366833560806,75.20580826084763,16.115366833560806,75.20580826084763
0.0,17.268922731440355,73.71908366630895,17.268922731440355,73.71908366630895,16.115366833560806,75.20580826084763,16.115366833560806,75.20580826084763
0.0,17.268922731440355,73.71908366630895,17.268922731440355,73.71908366630895,16.115366833560806,75.20580826084763,16.115366833560806,75.20580826084763
0.0,17.268922731440355,73.71908366630895,17.268922731440355,73.71908366630895,16.115366833560806,75.20580826084763,16.115366833560806,75.20580826084763
0.0,17.268922731440355,73.71908366630895,17.268922731440355,73.71908366630895,16.115366833560806,75.20580826084763,16.115366833560806,75.20580826084763
0.0,17.268922731440355,73.71908366630895,17.268922731440355,73.71908366630895,16.115366833560806,75.20580826084763,16.115366833560806,75.20580826084763
0.0,17.268922731440355,73.71908366630895,17.268922731440355,73.71908366630895,16.115366833560806,75.20580826084763,16.115366833560806,75.20580826084763
0.0,17.268922731440355,73.71908366630895,17.268922731440355,73.71908366630895,16.115366833560806,75.20580826084763,16.115366833560806,75.20580826084763
0.0,17.268922731440355,73.71908366630895,17.268922731440355,73.71908366630895,16.115366833560806,75.20580826084763,16.115366833560806,75.20580826084763
0.0,17.268922731440355,73.71908366630895,17.268922731440355,73.71908366630895,16.115366833560806,75.20580826084763,16.115366833560806,75.20580826084763
0.0,17.268922731440355,73.71908366630895,17.268922731440355,73.71908366630895,16.115366833560806,75.20580826084763,16.115366833560806,75.20580826084763
0.0,17.268922731440355,73.71908366630895,17.268922731440355,73.71908366630895,16.115366833560806,75.20580826084763,16.115366833560806,75.20580826084763
0.0,17.268922731440355,73.71908366630895,17.268922731440355,73.71908366630895,16.115366833560806,75.20580826084763,16.115366833560806,75.20580826084763
0.0,17.268922731440355,73.71908366630895,17.268922731440355,73.71908366630895,16.115366833560806,75.20580826084763,16.115366833560806,75.20580826084763
0.0,17.268922731440355,73.71908366630895,17.268922731440355,73.71908366630895,16.115366833560806,75.20580826084763,16.115366833560806,75.20580826084763
0.0,17.268922731440355,73.71908366630895,17.268922731440355,73.71908366630895,16.115366833560806,75.20580826084763,16.115366833560806,75.20580826084763
0.0,17.268922731440355,73.71908366630895,17.268922731440355,73.71908366630895,16.115366833560806,75.20580826084763,16.115366833560806,75.20580826084763
0.0,17.268922731440355,73.71908366630895,17.268922731440355,73.71908366630895,16.115366833560806,75.20580826084763,16.115366833560806,75.20580826084763
0.0,17.268922731440355,73.71908366630895,17.268922731440355,73.71908366630895,16.115366833560806,75.20580826084763,16.115366833560806,75.20580826084763
0.0,17.268922731440355,73.71908366630895,17.268922731440355,73.71908366630895,16.115366833560806,75.20580826084763,16.115366833560806,75.20580826084763
0.0,17.268922731440355,73.71908366630895,17.268922731440355,73.71908366630895,16.115366833560806,75.20580826084763,16.115366833560806,75.20580826084763
0.0,17.268922731440355,73.71908366630895,17.268922731440355,73.71908366630895,16.115366833560806,75.20580826084763,16.115366833560806,75.20580826084763
0.0,17.268922731440355,73.71908366630895,17.268922731440355,73.71908366630895,16.115366833560806,75.20580826084763,16.115366833560806,75.20580826084763
0.0,17.268922731440355,73.71908366630895,17.268922731440355,73.71908366630895,16.115366833560806,75.20580826084763,16.115366833560806,75.20580826084763
0.0,17.268922731440355,73.71908366630895,17.268922731440355,73.71908366630895,16.115366833560806,75.20580826084763,16.115366833560806,75.20580826084763
0.0,17.268922731440355,73.71908366630895,17.268922731440355,73.71908366630895,16.115366833560806,75.20580826084763,16.115366833560806,75.20580826084763
0.0,17.268922731440355,73.71908366630895,17.268922731440355,73.71908366630895,16.115366833560806,75.20580826084763,16.115366833560806,75.20580826084763
0.0,17.268922731440355,73.71908366630895,17.268922731440355,73.71908366630895,16.115366833560806,75.20580826084763,16.115366833560806,75.20580826084763
0.0,17.268922731440355,73.71908366630895,17.268922731440355,73.71908366630895,16.115366833560806,75.20580826084763,16.115366833560806,75.20580826084763
0.0,17.268922731440355,73.71908366630895,17.268922731440355,73.71908366630895,16.115366833560806,75.20580826084763,16.115366833560806,75.20580826084763
0.0,17.268922731440355,73.71908366630895,17.268922731440355,73.71908366630895,16.115366833560806,75.20580826084763,16.115366833560806,75.20580826084763
0.0,17.268922731440355,73.71908366630895,17.268922731440355,73.71908366630895,16.115366833560806,75.20580826084763,16.115366833560806,75.20580826084763
0.0,17.268922731440355,73.71908366630895,17.268922731440355,73.71908366630895,16.115366833560806,75.20580826084763,16.115366833560806,75.20580826084763
0.0,17.268922731440355,73.71908366630895,17.268922731440355,73.71908366630895,16.115366833560806,75.20580826084763,16.115366833560806,75.20580826084763
0.0,17.268922731440355,73.71908366630895,17.268922731440355,73.71908366630895,16.115366833560806,75.20580826084763,16.115366833560806,75.20580826084763
0.0,17.268922731440355,73.71908366630895,17.268922731440355,73.71908366630895,16.115366833560806,75.20580826084763,16.115366833560806,75.20580826084763
0.0,17.268922731440355,73.71908366630895,17.268922731440355,73.71908366630895,16.115366833560806,75.20580826084763,16.115366833560806,75.20580826084763
0.0,17.268922731440355,73.71908366630895,17.268922731440355,73.71908366630895,16.115366833560806,75.20580826084763,16.115366833560806,75.20580826084763
0.0,17.268922731440355,73.71908366630895,17.268922731440355,73.71908366630895,16.115366833560806,75.20580826084763,16.115366833560806,75.20580826084763
0.0,17.268922731440355,73.71908366630895,17.268922731440355,73.71908366630895,16.115366833560806,75.20580826084763,16.115366833560806,75.20580826084763
0.0,17.268922731440355,73.71908366630895,17.268922731440355,73.71908366630895,16.115366833560806,75.20580826084763,16.115366833560806,75.20580826084763
0.0,17.268922731440355,73.71908366630895,17.268922731440355,73.71908366630895,16.115366833560806,75.20580826084763,16.115366833560806,75.20580826084763
0.0,17.268922731440355,73.71908366630895,17.268922731440355,73.71908366630895,16.115366833560806,75.20580826084763,16.115366833560806,75.20580826084763
0.0,17.268922731440355,73.71908366630895,17.268922731440355,73.71908366630895,16.115366833560806,75.20580826084763,16.115366833560806,75.20580826084763
0.0,17.268922731440355,73.71908366630895,17.268922731440355,73.71908366630895,16.115366833560806,75.20580826084763,16.115366833560806,75.20580826084763
0.0,17.268922731440355,73.71908366630895,17.268922731440355,73.71908366630895,16.115366833560806,75.20580826084763,16.115366833560806,75.20580826084763
0.0,17.268922731440355,73.71908366630895,17.268922731440355,73.71908366630895,16.115366833560806,75.20580826084763,16.115366833560806,75.20580826084763
0.0,17.268922731440355,73.71908366630895,17.268922731440355,73.71908366630895,16.115366833560806,75.20580826084763,16.115366833560806,75.20580826084763
0.0,17.268922731440355,73.71908366630895,17.268922731440355,73.71908366630895,16.115366833560806,75.20580826084763,16.115366833560806,75.20580826084763
0.0,17.268922731440355,73.71908366630895,17.268922731440355,73.71908366630895,16.115366833560806,75.20580826084763,16.115366833560806,75.20580826084763
0.0,17.268922731440355,73.71908366630895,17.268922731440355,73.71908366630895,16.115366833560806,75.20580826084763,16.115366833560806,75.20580826084763
0.0,17.268922731440355,73.71908366630895,17.268922731440355,73.71908366630895,16.115366833560806,75.20580826084763,16.115366833560806,75.20580826084763
0.0,17.268922731440355,73.71908366630895,17.268922731440355,73.71908366630895,16.115366833560806,75.20580826084763,16.115366833560806,75.20580826084763
0.0,17.268922731440355,73.71908366630895,17.268922731440355,73.71908366630895,16.115366833560806,75.20580826084763,16.115366833560806,75.20580826084763
0.0,17.268922731440355,73.71908366630895,17.268922731440355,73.71908366630895,16.115366833560806,75.20580826084763,16.115366833560806,75.20580826084763
0.0,17.268922731440355,73.71908366630895,17.268922731440355,73.71908366630895,16.115366833560806,75.20580826084763,16.115366833560806,75.20580826084763
0.0,17.268922731440355,73.71908366630895,17.268922731440355,73.71908366630895,16.115366833560806,75.20580826084763,16.115366833560806,75.20580826084763
0.0,17.268922731440355,73.71908366630895,17.268922731440355,73.71908366630895,16.115366833560806,75.20580826084763,16.115366833560806,75.20580826084763
0.0,17.268922731440355,73.71908366630895,17.268922731440355,73.71908366630895,16.115366833560806,75.20580826084763,16.115366833560806,75.20580826084763
0.0,17.268922731440355,73.71908366630895,17.268922731440355,73.71908366630895,16.115366833560806,75.20580826084763,16.115366833560806,75.20580826084763
0.0,17.268922731440355,73.71908366630895,17.268922731440355,73.71908366630895,16.115366833560806,75.20580826084763,16.115366833560806,75.20580826084763
0.0,17.268922731440355,73.71908366630895,17.268922731440355,73.71908366630895,16.115366833560806,75.20580826084763,16.115366833560806,75.20580826084763
0.0,17.268922731440355,73.71908366630895,17.268922731440355,73.71908366630895,16.115366833560806,75.20580826084763,16.115366833560806,75.20580826084763
0.0,17.268922731440355,73.71908366630895,17.268922731440355,73.71908366630895,16.115366833560806,75.20580826084763,16.115366833560806,75.20580826084763
0.0,17.268922731440355,73.71908366630895,17.268922731440355,73.71908366630895,16.115366833560806,75.20580826084763,16.115366833560806,75.20580826084763
0.0,17.268922731440355,73.71908366630895,17.268922731440355,73.71908366630895,16.115366833560806,75.20580826084763,16.115366833560806,75.20580826084763
0.0,17.268922731440355,73.71908366630895,17.268922731440355,73.71908366630895,16.115366833560806,75.20580826084763,16.115366833560806,75.20580826084763
0.0,17.268922731440355,73.71908366630895,17.268922731440355,73.71908366630895,16.115366833560806,75.20580826084763,16.115366833560806,75.20580826084763
0.0,17.268922731440355,73.71908366630895,17.268922731440355,73.71908366630895,16.115366833560806,75.20580826084763,16.115366833560806,75.20580826084763
0.0,17.268922731440355,73.71908366630895,17.268922731440355,73.71908366630895,16.115366833560806,75.20580826084763,16.115366833560806,75.20580826084763
0.0,17.268922731440355,73.71908366630895,17.268922731440355,73.71908366630895,16.115366833560806,75.20580826084763,16.115366833560806,75.20580826084763
0.0,17.268922731440355,73.71908366630895,17.268922731440355,73.71908366630895,16.115366833560806,75.20580826084763,16.115366833560806,75.20580826084763
0.0,17.268922731440355,73.71908366630895,17.268922731440355,73.71908366630895,16.115366833560806,75.20580826084763,16.115366833560806,75.20580826084763
0.0,17.268922731440355,73.71908366630895,17.268922731440355,73.71908366630895,16.115366833560806,75.20580826084763,16.115366833560806,75.20580826084763
0.0,17.268922731440355,73.71908366630895,17.268922731440355,73.71908366630895,16.115366833560806,75.20580826084763,16.115366833560806,75.20580826084763
0.0,17.268922731440355,73.71908366630895,17.268922731440355,73.71908366630895,16.115366833560806,75.20580826084763,16.115366833560806,75.20580826084763
0.0,17.268922731440355,73.71908366630895,17.268922731440355,73.71908366630895,16.115366833560806,75.20580826084763,16.115366833560806,75.20580826084763
0.0,17.268922731440355,73.71908366630895,17.268922731440355,73.71908366630895,16.115366833560806,75.20580826084763,16.115366833560806,75.20580826084763
0.0,17.268922731440355,73.71908366630895,17.268922731440355,73.71908366630895,16.115366833560806,75.20580826084763,16.115366833560806,75.20580826084763
0.0,17.268922731440355,73.71908366630895,17.268922731440355,73.71908366630895,16.115366833560806,75.20580826084763,16.115366833560806,75.20580826084763
0.0,17.268922731440355,73.71908366630895,17.268922731440355,73.71908366630895,16.115366833560806,75.20580826084763,16.115366833560806,75.20580826084763
0.0,17.268922731440355,73.71908366630895,17.268922731440355,73.71908366630895,16.115366833560806,75.20580826084763,16.115366833560806,75.20580826084763
0.0,17.268922731440355,73.71908366630895,17.268922731440355,73.71908366630895,16.115366833560806,75.20580826084763,16.115366833560806,75.20580826084763
0.0,17.268922731440355,73.71908366630895,17.268922731440355,73.71908366630895,16.115366833560806,75.20580826084763,16.115366833560806,75.20580826084763
0.0,17.268922731440355,73.71908366630895,17.268922731440355,73.71908366630895,16.115366833560806,75.20580826084763,16.115366833560806,75.20580826084763
0.0,17.268922731440355,73.71908366630895,17.268922731440355,73.71908366630895,16.115366833560806,75.20580826084763,16.115366833560806,75.20580826084763
0.0,17.268922731440355,73.71908366630895,17.268922731440355,73.71908366630895,16.115366833560806,75.20580826084763,16.115366833560806,75.20580826084763
0.0,17.268922731440355,73.71908366630895,17.268922731440355,73.71908366630895,16.115366833560806,75.20580826084763,16.115366833560806,75.20580826084763
0.0,17.268922731440355,73.71908366630895,17.268922731440355,73.71908366630895,16.115366833560806,75.20580826084763,16.115366833560806,75.20580826084763
0.0,17.268922731440355,73.71908366630895,17.268922731440355,73.71908366630895,16.115366833560806,75.20580826084763,16.115366833560806,75.20580826084763
0.0,17.268922731440355,73.71908366630895,17.268922731440355,73.71908366630895,16.115366833560806,75.20580826084763,16.115366833560806,75.20580826084763
0.0,17.268922731440355,73.71908366630895,17.268922731440355,73.71908366630895,16.115366833560806,75.20580826084763,16.115366833560806,75.20580826084763
0.0,17.268922731440355,73.71908366630895,17.268922731440355,73.71908366630895,16.115366833560806,75.20580826084763,16.115366833560806,75.20580826084763
0.0,17.268922731440355,73.71908366630895,17.268922731440355,73.71908366630895,16.115366833560806,75.20580826084763,16.115366833560806,75.20580826084763
0.0,17.268922731440355,73.71908366630895,17.268922731440355,73.71908366630895,16.115366833560806,75.20580826084763,16.115366833560806,75.20580826084763
0.0,17.268922731440355,73.71908366630895,17.268922731440355,73.71908366630895,16.115366833560806,75.20580826084763,16.115366833560806,75.20580826084763
0.0,17.268922731440355,73.71908366630895,17.268922731440355,73.71908366630895,16.115366833560806,75.20580826084763,16.115366833560806,75.20580826084763
0.0,17.268922731440355,73.71908366630895,17.268922731440355,73.71908366630895,16.115366833560806,75.20580826084763,16.115366833560806,75.20580826084763
0.0,17.268922731440355,73.71908366630895,17.268922731440355,73.71908366630895,16.115366833560806,75.20580826084763,16.115366833560806,75.20580826084763
0.0,17.268922731440355,73.71908366630895,17.268922731440355,73.71908366630895,16.115366833560806,75.20580826084763,16.115366833560806,75.20580826084763
0.0,17.268922731440355,73.71908366630895,17.268922731440355,73.71908366630895,16.115366833560806,75.20580826084763,16.115366833560806,75.20580826084763
0.0,17.268922731440355,73.71908366630895,17.268922731440355,73.71908366630895,16.115366833560806,75.20580826084763,16.115366833560806,75.20580826084763
0.0,17.268922731440355,73.71908366630895,17.268922731440355,73.71908366630895,16.115366833560806,75.20580826084763,16.115366833560806,75.20580826084763
0.0,17.268922731440355,73.71908366630895,17.268922731440355,73.71908366630895,16.115366833560806,75.20580826084763,16.115366833560806,75.20580826084763
0.0,17.268922731440355,73.71908366630895,17.268922731440355,73.71908366630895,16.115366833560806,75.20580826084763,16.115366833560806,75.20580826084763
0.0,17.268922731440355,73.71908366630895,17.268922731440355,73.71908366630895,16.115366833560806,75.20580826084763,16.115366833560806,75.20580826084763
0.0,17.268922731440355,73.71908366630895,17.268922731440355,73.71908366630895,16.115366833560806,75.20580826084763,16.115366833560806,75.20580826084763
0.0,17.268922731440355,73.71908366630895,17.268922731440355,73.71908366630895,16.115366833560806,75.20580826084763,16.115366833560806,75.20580826084763
0.0,17.268922731440355,73.71908366630895,17.268922731440355,73.71908366630895,16.115366833560806,75.20580826084763,16.115366833560806,75.20580826084763
0.0,17.268922731440355,73.71908366630895,17.268922731440355,73.71908366630895,16.115366833560806,75.20580826084763,16.115366833560806,75.20580826084763
0.0,17.268922731440355,73.71908366630895,17.268922731440355,73.71908366630895,16.115366833560806,75.20580826084763,16.115366833560806,75.20580826084763
0.0,17.268922731440355,73.71908366630895,17.268922731440355,73.71908366630895,16.115366833560806,75.20580826084763,16.115366833560806,75.20580826084763
0.0,17.268922731440355,73.71908366630895,17.268922731440355,73.71908366630895,16.115366833560806,75.20580826084763,16.115366833560806,75.20580826084763
0.0,17.268922731440355,73.71908366630895,17.268922731440355,73.71908366630895,16.115366833560806,75.20580826084763,16.115366833560806,75.20580826084763
0.0,17.268922731440355,73.71908366630895,17.268922731440355,73.71908366630895,16.115366833560806,75.20580826084763,16.115366833560806,75.20580826084763
0.0,17.268922731440355,73.71908366630895,17.268922731440355,73.71908366630895,16.115366833560806,75.20580826084763,16.115366833560806,75.20580826084763
0.0,17.268922731440355,73.71908366630895,17.268922731440355,73.71908366630895,16.115366833560806,75.20580826084763,16.115366833560806,75.20580826084763
0.0,17.268922731440355,73.71908366630895,17.268922731440355,73.71908366630895,16.115366833560806,75.20580826084763,16.115366833560806,75.20580826084763
0.0,17.268922731440355,73.71908366630895,17.268922731440355,73.71908366630895,16.115366833560806,75.20580826084763,16.115366833560806,75.20580826084763
0.0,17.268922731440355,73.71908366630895,17.268922731440355,73.71908366630895,16.115366833560806,75.20580826084763,16.115366833560806,75.20580826084763
0.0,17.268922731440355,73.71908366630895,17.268922731440355,73.71908366630895,16.115366833560806,75.20580826084763,16.115366833560806,75.20580826084763
0.0,17.268922731440355,73.71908366630895,17.268922731440355,73.71908366630895,16.115366833560806,75.20580826084763,16.115366833560806,75.20580826084763
0.0,17.268922731440355,73.71908366630895,17.268922731440355,73.71908366630895,16.115366833560806,75.20580826084763,16.115366833560806,75.20580826084763
0.0,17.268922731440355,73.71908366630895,17.268922731440355,73.71908366630895,16.115366833560806,75.20580826084763,16.115366833560806,75.20580826084763
0.0,17.268922731440355,73.71908366630895,17.268922731440355,73.71908366630895,16.115366833560806,75.20580826084763,16.115366833560806,75.20580826084763
0.0,17.268922731440355,73.71908366630895,17.268922731440355,73.71908366630895,16.115366833560806,75.20580826084763,16.115366833560806,75.20580826084763
0.0,17.268922731440355,73.71908366630895,17.268922731440355,73.71908366630895,16.115366833560806,75.20580826084763,16.115366833560806,75.20580826084763
0.0,17.268922731440355,73.71908366630895,17.268922731440355,73.71908366630895,16.115366833560806,75.20580826084763,16.115366833560806,75.20580826084763
0.0,17.268922731440355,73.71908366630895,17.268922731440355,73.71908366630895,16.115366833560806,75.20580826084763,16.115366833560806,75.20580826084763
0.0,17.268922731440355,73.71908366630895,17.268922731440355,73.71908366630895,16.115366833560806,75.20580826084763,16.115366833560806,75.20580826084763
0.0,17.268922731440355,73.71908366630895,17.268922731440355,73.71908366630895,16.115366833560806,75.20580826084763,16.115366833560806,75.20580826084763
0.0,17.268922731440355,73.71908366630895,17.268922731440355,73.71908366630895,16.115366833560806,75.20580826084763,16.115366833560806,75.20580826084763
0.0,17.268922731440355,73.71908366630895,17.268922731440355,73.71908366630895,16.115366833560806,75.20580826084763,16.115366833560806,75.20580826084763
0.0,17.268922731440355,73.71908366630895,17.268922731440355,73.71908366630895,16.115366833560806,75.20580826084763,16.115366833560806,75.20580826084763
0.0,17.268922731440355,73.71908366630895,17.268922731440355,73.71908366630895,16.115366833560806,75.20580826084763,16.115366833560806,75.20580826084763
0.0,17.268922731440355,73.71908366630895,17.268922731440355,73.71908366630895,16.115366833560806,75.20580826084763,16.115366833560806,75.20580826084763
0.0,17.268922731440355,73.71908366630895,17.268922731440355,73.71908366630895,16.115366833560806,75.20580826084763,16.115366833560806,75.20580826084763
0.0,17.268922731440355,73.71908366630895,17.268922731440355,73.71908366630895,16.115366833560806,75.20580826084763,16.115366833560806,75.20580826084763
0.0,17.268922731440355,73.71908366630895,17.268922731440355,73.71908366630895,16.115366833560806,75.20580826084763,16.115366833560806,75.20580826084763
0.0,17.268922731440355,73.71908366630895,17.268922731440355,73.71908366630895,16.115366833560806,75.20580826084763,16.115366833560806,75.20580826084763
0.0,17.268922731440355,73.71908366630895,17.268922731440355,73.71908366630895,16.115366833560806,75.20580826084763,16.115366833560806,75.20580826084763
0.0,17.268922731440355,73.71908366630895,17.268922731440355,73.71908366630895,16.115366833560806,75.20580826084763,16.115366833560806,75.20580826084763
0.0,17.268922731440355,73.71908366630895,17.268922731440355,73.71908366630895,16.115366833560806,75.20580826084763,16.115366833560806,75.20580826084763
0.0,17.268922731440355,73.71908366630895,17.268922731440355,73.71908366630895,16.115366833560806,75.20580826084763,16.115366833560806,75.20580826084763
0.0,17.268922731440355,73.71908366630895,17.268922731440355,73.71908366630895,16.115366833560806,75.20580826084763,16.115366833560806,75.20580826084763
0.0,17.268922731440355,73.71908366630895,17.268922731440355,73.71908366630895,16.115366833560806,75.20580826084763,16.115366833560806,75.20580826084763
0.0,17.268922731440355,73.71908366630895,17.268922731440355,73.71908366630895,16.115366833560806,75.20580826084763,16.115366833560806,75.20580826084763
0.0,17.268922731440355,73.71908366630895,17.268922731440355,73.71908366630895,16.115366833560806,75.20580826084763,16.115366833560806,75.20580826084763
0.0,17.268922731440355,73.71908366630895,17.268922731440355,73.71908366630895,16.115366833560806,75.20580826084763,16.115366833560806,75.20580826084763
0.0,17.268922731440355,73.71908366630895,17.268922731440355,73.71908366630895,16.115366833560806,75.20580826084763,16.115366833560806,75.20580826084763
0.0,17.268922731440355,73.71908366630895,17.268922731440355,73.71908366630895,16.115366833560806,75.20580826084763,16.115366833560806,75.20580826084763
0.0,17.268922731440355,73.71908366630895,17.268922731440355,73.71908366630895,16.115366833560806,75.20580826084763,16.115366833560806,75.20580826084763
0.0,17.268922731440355,73.71908366630895,17.268922731440355,73.71908366630895,16.115366833560806,75.20580826084763,16.115366833560806,75.20580826084763
0.0,17.268922731440355,73.71908366630895,17.268922731440355,73.71908366630895,16.115366833560806,75.20580826084763,16.115366833560806,75.20580826084763
0.0,17.268922731440355,73.71908366630895,17.268922731440355,73.71908366630895,16.115366833560806,75.20580826084763,16.115366833560806,75.20580826084763
0.0,17.268922731440355,73.71908366630895,17.268922731440355,73.71908366630895,16.115366833560806,75.20580826084763,16.115366833560806,75.20580826084763
0.0,17.268922731440355,73.71908366630895,17.268922731440355,73.71908366630895,16.115366833560806,75.20580826084763,16.115366833560806,75.20580826084763
0.0,17.268922731440355,73.71908366630895,17.268922731440355,73.71908366630895,16.115366833560806,75.20580826084763,16.115366833560806,75.20580826084763
0.0,17.268922731440355,73.71908366630895,17.268922731440355,73.71908366630895,16.115366833560806,75.20580826084763,16.115366833560806,75.20580826084763
0.0,17.268922731440355,73.71908366630895,17.268922731440355,73.71908366630895,16.115366833560806,75.20580826084763,16.115366833560806,75.20580826084763
0.0,17.268922731440355,73.71908366630895,17.268922731440355,73.71908366630895,16.115366833560806,75.20580826084763,16.115366833560806,75.20580826084763
0.0,17.268922731440355,73.71908366630895,17.268922731440355,73.71908366630895,16.115366833560806,75.20580826084763,16.115366833560806,75.20580826084763
0.0,17.268922731440355,73.71908366630895,17.268922731440355,73.71908366630895,16.115366833560806,75.20580826084763,16.115366833560806,75.20580826084763
0.0,17.268922731440355,73.71908366630895,17.268922731440355,73.71908366630895,16.115366833560806,75.20580826084763,16.115366833560806,75.20580826084763
0.0,17.268922731440355,73.71908366630895,17.268922731440355,73.71908366630895,16.115366833560806,75.20580826084763,16.115366833560806,75.20580826084763
0.0,17.268922731440355,73.71908366630895,17.268922731440355,73.71908366630895,16.115366833560806,75.20580826084763,16.115366833560806,75.20580826084763
0.0,17.268922731440355,73.71908366630895,17.268922731440355,73.71908366630895,16.115366833560806,75.20580826084763,16.115366833560806,75.20580826084763
0.0,17.268922731440355,73.71908366630895,17.268922731440355,73.71908366630895,16.115366833560806,75.20580826084763,16.115366833560806,75.20580826084763
0.0,17.268922731440355,73.71908366630895,17.268922731440355,73.71908366630895,16.115366833560806,75.20580826084763,16.115366833560806,75.20580826084763
0.0,17.268922731440355,73.71908366630895,17.268922731440355,73.71908366630895,16.115366833560806,75.20580826084763,16.115366833560806,75.20580826084763
0.0,17.268922731440355,73.71908366630895,17.268922731440355,73.71908366630895,16.115366833560806,75.20580826084763,16.115366833560806,75.20580826084763
0.0,17.268922731440355,73.71908366630895,17.268922731440355,73.71908366630895,16.115366833560806,75.20580826084763,16.115366833560806,75.20580826084763
0.0,17.268922731440355,73.71908366630895,17.268922731440355,73.71908366630895,16.115366833560806,75.20580826084763,16.115366833560806,75.20580826084763
0.0,17.268922731440355,73.71908366630895,17.268922731440355,73.71908366630895,16.115366833560806,75.20580826084763,16.115366833560806,75.20580826084763
0.0,17.268922731440355,73.71908366630895,17.268922731440355,73.71908366630895,16.115366833560806,75.20580826084763,16.115366833560806,75.20580826084763
0.0,17.268922731440355,73.71908366630895,17.268922731440355,73.71908366630895,16.115366833560806,75.20580826084763,16.115366833560806,75.20580826084763
0.0,17.268922731440355,73.71908366630895,17.268922731440355,73.71908366630895,16.115366833560806,75.20580826084763,16.115366833560806,75.20580826084763
0.0,17.268922731440355,73.71908366630895,17.268922731440355,73.71908366630895,16.115366833560806,75.20580826084763,16.115366833560806,75.20580826084763
0.0,17.268922731440355,73.71908366630895,17.268922731440355,73.71908366630895,16.115366833560806,75.20580826084763,16.115366833560806,75.20580826084763
0.0,17.268922731440355,73.71908366630895,17.268922731440355,73.71908366630895,16.115366833560806,75.20580826084763,16.115366833560806,75.20580826084763
0.0,17.263049416880087,73.36856671134412,17.263049416880087,73.36856671134412,16.12563769219129,75.55090513020838,16.12563769219129,75.55090513020838
0.0,17.263049416880087,73.36856671134412,17.263049416880087,73.36856671134412,16.12563769219129,75.55090513020838,16.12563769219129,75.55090513020838
0.0,17.259494135447603,73.01506786920197,17.259494135447603,73.01506786920197,16.138181598310386,75.89315955655081,16.138181598310386,75.89315955655081
0.0,17.259494135447603,73.01506786920197,17.259494135447603,73.01506786920197,16.138181598310386,75.89315955655081,16.138181598310386,75.89315955655081
0.0,17.25826988952748,72.65855692437448,17.25826988952748,72.65855692437448,16.152988157709775,76.23259666029281,16.152988157709775,76.23259666029281
0.0,17.25826988952748,72.65855692437448,17.25826988952748,72.65855692437448,16.152988157709775,76.23259666029281,16.152988157709775,76.23259666029281
0.0,17.259390158966955,72.29900261534681,17.259390158966955,72.29900261534681,16.170047341754906,76.56924072935789,16.170047341754906,76.56924072935789
0.0,17.259390158966955,72.29900261534681,17.259390158966955,72.29900261534681,16.170047341754906,76.56924072935789,16.170047341754906,76.56924072935789
0.0,17.26286892209341,71.93637259499114,17.26286892209341,71.93637259499114,16.189349472113875,76.90311524701539,16.189349472113875,76.90311524701539
0.0,17.26286892209341,71.93637259499114,17.26286892209341,71.93637259499114,16.189349472113875,76.90311524701539,16.189349472113875,76.90311524701539
0.0,17.268720677714196,71.57063338896648,17.268720677714196,71.57063338896648,16.21088520607639,77.23424291850982,16.21088520607639,77.23424291850982
0.0,17.268720677714196,71.57063338896648,17.268720677714196,71.57063338896648,16.21088520607639,77.23424291850982,16.21088520607639,77.23424291850982
0.0,17.276960468162414,71.201750351998,17.276960468162414,71.201750351998,16.23464552243049,77.56264569654526,16.23464552243049,77.56264569654526
0.0,17.276960468162414,71.201750351998,17.276960468162414,71.201750351998,16.23464552243049,77.56264569654526,16.23464552243049,77.56264569654526
0.0,17.28760390345565,70.82968762190076,17.28760390345565,70.82968762190076,16.260621707866523,77.8883448056863,16.260621707866523,77.8883448056863
0.0,17.28760390345565,70.82968762190076,17.28760390345565,70.82968762190076,16.260621707866523,77.8883448056863,16.260621707866523,77.8883448056863
0.0,17.300667186641153,70.45440807120126,17.300667186641153,70.45440807120126,16.28880534387956,78.21136076573356,16.28880534387956,78.21136076573356
0.0,17.300667186641153,70.45440807120126,17.300667186641153,70.45440807120126,16.28880534387956,78.21136076573356,16.28880534387956,78.21136076573356
0.0,17.316167140405412,70.07587325620032,17.316167140405412,70.07587325620032,16.31918829414343,78.53171341412788,16.31918829414343,78.53171341412788
0.0,17.316167140405412,70.07587325620032,17.316167140405412,70.07587325620032,16.31918829414343,78.53171341412788,16.31918829414343,78.53171341412788
0.0,17.316167140405412,70.07587325620032,17.316167140405412,70.07587325620032,16.31918829414343,78.53171341412788,16.31918829414343,78.53171341412788
0.0,17.3161671404054,70.07587325620032,17.316167140405412,70.07587325620032,16.31918829414343,78.53171341412788,16.31918829414343,78.53171341412788
0.0,17.3161671404054,70.07587325620032,17.316167140405412,70.07587325620032,16.31918829414343,78.53171341412788,16.31918829414343,78.53171341412788
0.0,17.3161671404054,70.07587325620032,17.316167140405412,70.07587325620032,16.31918829414343,78.53171341412788,16.31918829414343,78.53171341412788
0.0,17.3161671404054,70.07587325620032,17.316167140405412,70.07587325620032,16.31918829414343,78.53171341412788,16.31918829414343,78.53171341412788
0.0,13.488096713759516,74.2729141789805,17.316167140405412,70.07587325620032,16.31918829414343,78.53171341412788,16.31918829414343,78.53171341412788
0.0,13.488096713759516,74.2729141789805,17.316167140405412,70.07587325620032,16.31918829414343,78.53171341412788,16.31918829414343,78.53171341412788
0.0,13.488096713759516,74.2729141789805,17.316167140405412,70.07587325620032,16.31918829414343,78.53171341412788,16.31918829414343,78.53171341412788
0.0,13.488096713759516,74.2729141789805,17.316167140405412,70.07587325620032,16.31918829414343,78.53171341412788,16.31918829414343,78.53171341412788
0.0,10.24672741298963,76.31378975717644,17.316167140405412,70.07587325620032,16.31918829414343,78.53171341412788,16.31918829414343,78.53171341412788
0.0,10.24672741298963,76.31378975717644,17.316167140405412,70.07587325620032,16.31918829414343,78.53171341412788,16.31918829414343,78.53171341412788
0.0,10.24672741298963,76.31378975717644,17.316167140405412,70.07587325620032,16.31918829414343,78.53171341412788,16.31918829414343,78.53171341412788
0.0,10.24672741298963,76.31378975717644,17.316167140405412,70.07587325620032,16.31918829414343,78.53171341412788,16.31918829414343,78.53171341412788
0.0,10.24672741298963,76.31378975717644,17.316167140405412,70.07587325620032,16.31918829414343,78.53171341412788,16.31918829414343,78.53171341412788
0.0,8.02601706657949,76.02035423562161,17.316167140405412,70.07587325620032,16.31918829414343,78.53171341412788,16.31918829414343,78.53171341412788
0.0,8.02601706657949,76.02035423562161,17.316167140405412,70.07587325620032,16.31918829414343,78.53171341412788,16.31918829414343,78.53171341412788
0.0,8.02601706657949,76.02035423562161,17.316167140405412,70.07587325620032,16.31918829414343,78.53171341412788,16.31918829414343,78.53171341412788
0.0,8.02601706657949,76.02035423562161,17.316167140405412,70.07587325620032,16.31918829414343,78.53171341412788,16.31918829414343,78.53171341412788
0.0,7.19991174752064,73.41877432802318,17.316167140405412,70.07587325620032,16.31918829414343,78.53171341412788,16.31918829414343,78.53171341412788
0.0,7.19991174752064,73.41877432802318,17.316167140405412,70.07587325620032,16.31918829414343,78.53171341412788,16.31918829414343,78.53171341412788
0.0,7.19991174752064,73.41877432802318,17.316167140405412,70.07587325620032,16.31918829414343,78.53171341412788,16.31918829414343,78.53171341412788
0.0,7.19991174752064,73.41877432802318,17.316167140405412,70.07587325620032,16.31918829414343,78.53171341412788,16.31918829414343,78.53171341412788
0.0,7.19991174752064,73.41877432802318,17.316167140405412,70.07587325620032,16.31918829414343,78.53171341412788,16.31918829414343,78.53171341412788
0.0,7.975213075306966,68.73308532880178,17.316167140405412,70.07587325620032,16.31918829414343,78.53171341412788,16.31918829414343,78.53171341412788
0.0,7.975213075306966,68.73308532880178,17.316167140405412,70.07587325620032,16.31918829414343,78.53171341412788,16.31918829414343,78.53171341412788
0.0,7.975213075306966,68.73308532880178,17.316167140405412,70.07587325620032,16.31918829414343,78.53171341412788,16.31918829414343,78.53171341412788
0.0,7.975213075306966,68.73308532880178,17.316167140405412,70.07587325620032,16.31918829414343,78.53171341412788,16.31918829414343,78.53171341412788
0.0,10.344306122001543,62.33730575342734,17.316167140405412,70.07587325620032,16.31918829414343,78.53171341412788,16.31918829414343,78.53171341412788
0.0,10.344306122001543,62.33730575342734,17.316167140405412,70.07587325620032,16.31918829414343,78.53171341412788,16.31918829414343,78.53171341412788
0.0,10.344306122001543,62.33730575342734,17.316167140405412,70.07587325620032,16.31918829414343,78.53171341412788,16.31918829414343,78.53171341412788
0.0,10.344306122001543,62.33730575342734,17.316167140405412,70.07587325620032,16.31918829414343,78.53171341412788,16.31918829414343,78.53171341412788
0.0,14.104863720551748,54.70527389818849,17.316167140405412,70.07587325620032,16.31918829414343,78.53171341412788,16.31918829414343,78.53171341412788
0.0,14.104863720551748,54.70527389818849,17.316167140405412,70.07587325620032,16.31918829414343,78.53171341412788,16.31918829414343,78.53171341412788
0.0,14.104863720551748,54.70527389818849,17.316167140405412,70.07587325620032,16.31918829414343,78.53171341412788,16.31918829414343,78.53171341412788
0.0,14.104863720551748,54.70527389818849,17.316167140405412,70.07587325620032,16.31918829414343,78.53171341412788,16.31918829414343,78.53171341412788
0.0,14.104863720551748,54.70527389818849,17.316167140405412,70.07587325620032,16.31918829414343,78.53171341412788,16.31918829414343,78.53171341412788
0.0,18.901091218082367,46.40372575920248,17.316167140405412,70.07587325620032,16.31918829414343,78.53171341412788,16.31918829414343,78.53171341412788
0.0,18.901091218082367,46.40372575920248,17.316167140405412,70.07587325620032,16.31918829414343,78.53171341412788,16.31918829414343,78.53171341412788
0.0,18.901091218082367,46.40372575920248,17.316167140405412,70.07587325620032,16.31918829414343,78.53171341412788,16.31918829414343,78.53171341412788
0.0,18.901091218082367,46.40372575920248,17.316167140405412,70.07587325620032,16.31918829414343,78.53171341412788,16.31918829414343,78.53171341412788
0.0,24.2292320313085,38.17266779112867,17.316167140405412,70.07587325620032,16.31918829414343,78.53171341412788,16.31918829414343,78.53171341412788
0.0,24.2292320313085,38.17266779112867,17.316167140405412,70.07587325620032,16.31918829414343,78.53171341412788,16.31918829414343,78.53171341412788
0.0,24.2292320313085,38.17266779112867,17.316167140405412,70.07587325620032,16.31918829414343,78.53171341412788,16.31918829414343,78.53171341412788
0.0,24.2292320313085,38.17266779112867,17.316167140405412,70.07587325620032,16.31918829414343,78.53171341412788,16.31918829414343,78.53171341412788
0.0,24.2292320313085,38.17266779112867,17.3161671404054,70.07587325620032,16.31918829414343,78.53171341412788,16.31918829414343,78.53171341412788
0.0,24.2292320313085,38.17266779112867,17.3161671404054,70.07587325620032,16.31918829414343,78.53171341412788,16.31918829414343,78.53171341412788
0.0,24.2292320313085,38.17266779112867,17.3161671404054,70.07587325620032,16.31918829414343,78.53171341412788,16.31918829414343,78.53171341412788
0.0,24.2292320313085,38.17266779112867,17.3161671404054,70.07587325620032,16.31918829414343,78.53171341412788,16.31918829414343,78.53171341412788
0.0,24.2292320313085,38.17266779112867,13.488096713759516,74.2729141789805,16.31918829414343,78.53171341412788,16.31918829414343,78.53171341412788
0.0,24.2292320313085,38.17266779112867,13.488096713759516,74.2729141789805,16.31918829414343,78.53171341412788,16.31918829414343,78.53171341412788
0.0,24.2292320313085,38.17266779112867,13.488096713759516,74.2729141789805,16.31918829414343,78.53171341412788,16.31918829414343,78.53171341412788
0.0,24.2292320313085,38.17266779112867,13.488096713759516,74.2729141789805,16.31918829414343,78.53171341412788,16.31918829414343,78.53171341412788
0.0,24.2292320313085,38.17266779112867,10.24672741298963,76.31378975717644,16.31918829414343,78.53171341412788,16.31918829414343,78.53171341412788
0.0,24.2292320313085,38.17266779112867,10.24672741298963,76.31378975717644,16.31918829414343,78.53171341412788,16.31918829414343,78.53171341412788
0.0,24.2292320313085,38.17266779112867,10.24672741298963,76.31378975717644,16.31918829414343,78.53171341412788,16.31918829414343,78.53171341412788
0.0,24.2292320313085,38.17266779112867,10.24672741298963,76.31378975717644,16.31918829414343,78.53171341412788,16.31918829414343,78.53171341412788
0.0,24.2292320313085,38.17266779112867,10.24672741298963,76.31378975717644,16.31918829414343,78.53171341412788,16.31918829414343,78.53171341412788
0.0,24.2292320313085,38.17266779112867,8.02601706657949,76.02035423562161,16.31918829414343,78.53171341412788,16.31918829414343,78.53171341412788
0.0,24.2292320313085,38.17266779112867,8.02601706657949,76.02035423562161,16.31918829414343,78.53171341412788,16.31918829414343,78.53171341412788
0.0,24.2292320313085,38.17266779112867,8.02601706657949,76.02035423562161,16.31918829414343,78.53171341412788,16.31918829414343,78.53171341412788
0.0,24.2292320313085,38.17266779112867,8.02601706657949,76.02035423562161,16.31918829414343,78.53171341412788,16.31918829414343,78.53171341412788
0.0,24.2292320313085,38.17266779112867,7.19991174752064,73.41877432802318,16.31918829414343,78.53171341412788,16.31918829414343,78.53171341412788
0.0,24.2292320313085,38.17266779112867,7.19991174752064,73.41877432802318,16.31918829414343,78.53171341412788,16.31918829414343,78.53171341412788
0.0,24.2292320313085,38.17266779112867,7.19991174752064,73.41877432802318,16.31918829414343,78.53171341412788,16.31918829414343,78.53171341412788
0.0,24.2292320313085,38.17266779112867,7.19991174752064,73.41877432802318,16.31918829414343,78.53171341412788,16.31918829414343,78.53171341412788
0.0,24.2292320313085,38.17266779112867,7.975213075306966,68.73308532880178,16.31918829414343,78.53171341412788,16.31918829414343,78.53171341412788
0.0,24.2292320313085,38.17266779112867,7.975213075306966,68.73308532880178,16.31918829414343,78.53171341412788,16.31918829414343,78.53171341412788
0.0,24.2292320313085,38.17266779112867,7.975213075306966,68.73308532880178,16.31918829414343,78.53171341412788,16.31918829414343,78.53171341412788
0.0,24.2292320313085,38.17266779112867,7.975213075306966,68.73308532880178,16.31918829414343,78.53171341412788,16.31918829414343,78.53171341412788
0.0,24.2292320313085,38.17266779112867,10.344306122001543,62.33730575342734,16.31918829414343,78.53171341412788,16.31918829414343,78.53171341412788
0.0,24.2292320313085,38.17266779112867,10.344306122001543,62.33730575342734,16.31918829414343,78.53171341412788,16.31918829414343,78.53171341412788
0.0,24.2292320313085,38.17266779112867,10.344306122001543,62.33730575342734,16.31918829414343,78.53171341412788,16.31918829414343,78.53171341412788
0.0,24.2292320313085,38.17266779112867,10.344306122001543,62.33730575342734,16.31918829414343,78.53171341412788,16.31918829414343,78.53171341412788
0.0,24.2292320313085,38.17266779112867,14.104863720551748,54.70527389818849,16.31918829414343,78.53171341412788,16.31918829414343,78.53171341412788
0.0,24.2292320313085,38.17266779112867,14.104863720551748,54.70527389818849,16.31918829414343,78.53171341412788,16.31918829414343,78.53171341412788
0.0,24.2292320313085,38.17266779112867,14.104863720551748,54.70527389818849,16.31918829414343,78.53171341412788,16.31918829414343,78.53171341412788
0.0,24.2292320313085,38.17266779112867,14.104863720551748,54.70527389818849,16.31918829414343,78.53171341412788,16.31918829414343,78.53171341412788
0.0,24.2292320313085,38.17266779112867,14.104863720551748,54.70527389818849,16.31918829414343,78.53171341412788,16.31918829414343,78.53171341412788
0.0,24.2292320313085,38.17266779112867,18.901091218082367,46.40372575920248,16.31918829414343,78.53171341412788,16.31918829414343,78.53171341412788
0.0,24.2292320313085,38.17266779112867,18.901091218082367,46.40372575920248,16.31918829414343,78.53171341412788,16.31918829414343,78.53171341412788
0.0,24.2292320313085,38.17266779112867,18.901091218082367,46.40372575920248,16.31918829414343,78.53171341412788,16.31918829414343,78.53171341412788
0.0,24.2292320313085,38.17266779112867,18.901091218082367,46.40372575920248,16.31918829414343,78.53171341412788,16.31918829414343,78.53171341412788
0.0,24.2292320313085,38.17266779112867,24.2292320313085,38.17266779112867,16.31918829414343,78.53171341412788,16.31918829414343,78.53171341412788
0.0,24.2292320313085,38.17266779112867,24.2292320313085,38.17266779112867,16.31918829414343,78.53171341412788,16.31918829414343,78.53171341412788
0.0,24.2292320313085,38.17266779112867,24.2292320313085,38.17266779112867,16.31918829414343,78.53171341412788,16.31918829414343,78.53171341412788
0.0,24.2292320313085,38.17266779112867,24.2292320313085,38.17266779112867,16.31918829414343,78.53171341412788,16.31918829414343,78.53171341412788
0.0,24.229232031308495,38.17266779112867,24.229232031308495,38.17266779112867,16.31918829414343,78.53171341412788,16.31918829414343,78.53171341412788
0.0,24.229232031308495,38.17266779112867,24.229232031308495,38.17266779112867,16.31918829414343,78.53171341412788,16.31918829414343,78.53171341412788
0.0,22.352966895655612,44.04889828072054,22.352966895655612,44.04889828072054,16.138181598310435,75.89315955655081,16.138181598310435,75.89315955655081
0.0,22.352966895655612,44.04889828072054,22.352966895655612,44.04889828072054,16.138181598310435,75.89315955655081,16.138181598310435,75.89315955655081
0.0,20.896863703601568,49.168131005940104,20.896863703601568,49.168131005940104,16.102107967011026,73.07401647041763,16.102107967011026,73.07401647041763
0.0,20.896863703601568,49.168131005940104,20.896863703601568,49.168131005940104,16.102107967011026,73.07401647041763,16.102107967011026,73.07401647041763
0.0,19.757241225809018,53.74099371481607,19.757241225809018,53.74099371481607,16.21708552763631,70.05966929953897,16.21708552763631,70.05966929953897
0.0,19.757241225809018,53.74099371481607,19.757241225809018,53.74099371481607,16.21708552763631,70.05966929953897,16.21708552763631,70.05966929953897
0.0,18.873953347565564,57.89102725039351,18.873953347565564,57.89102725039351,16.491381029567357,66.83087335750297,16.491381029567357,66.83087335750297
0.0,18.20894544390139,61.69753759867553,18.20894544390139,61.69753759867553,16.936318145839188,63.36201286282555,16.936318145839188,63.36201286282555
0.0,18.20894544390139,61.69753759867553,18.20894544390139,61.69753759867553,16.936318145839188,63.36201286282555,16.936318145839188,63.36201286282555
0.0,17.736734449567695,65.21459400452787,17.736734449567695,65.21459400452787,17.567670506566902,59.618381523379284,17.567670506566902,59.618381523379284
0.0,17.736734449567695,65.21459400452787,17.736734449567695,65.21459400452787,17.567670506566902,59.618381523379284,17.567670506566902,59.618381523379284
0.0,17.439580055998398,68.48063772767736,17.439580055998398,68.48063772767736,18.407927043927888,55.551709960733845,18.407927043927888,55.551709960733845
0.0,17.439580055998398,68.48063772767736,17.439580055998398,68.48063772767736,18.407927043927888,55.551709960733845,18.407927043927888,55.551709960733845
0.0,17.30478805358845,71.52381894417286,17.30478805358845,71.52381894417286,19.490241144187472,51.09231737904879,19.490241144187472,51.09231737904879
0.0,17.30478805358845,71.52381894417286,17.30478805358845,71.52381894417286,19.490241144187472,51.09231737904879,19.490241144187472,51.09231737904879
0.0,17.323087666490764,74.36517780889234,17.323087666490764,74.36517780889234,20.865945753915344,46.134123743672134,20.865945753915344,46.134123743672134
0.0,17.323087666490764,74.36517780889234,17.323087666490764,74.36517780889234,20.865945753915344,46.134123743672134,20.865945753915344,46.134123743672134
0.0,17.487593157136782,77.02064907802196,17.487593157136782,77.02064907802196,22.620649558191797,40.50249289089005,22.620649558191797,40.50249289089005
0.0,17.487593157136782,77.02064907802196,17.487593157136782,77.02064907802196,22.620649558191797,40.50249289089005,22.620649558191797,40.50249289089005
0.0,17.487593157136782,77.02064907802196,17.487593157136782,77.02064907802196,22.620649558191797,40.50249289089005,22.620649558191797,40.50249289089005
0.0,17.487593157136782,77.02064907802196,17.487593157136782,77.02064907802196,22.620649558191797,40.50249289089005,22.620649558191797,40.50249289089005
0.0,17.487593157136782,77.02064907802196,17.487593157136782,77.02064907802196,22.620649558191797,40.50249289089005,22.620649558191797,40.50249289089005
0.0,17.487593157136782,77.02064907802196,17.487593157136782,77.02064907802196,22.620649558191797,40.50249289089005,22.620649558191797,40.50249289089005
0.0,17.487593157136782,77.02064907802196,17.487593157136782,77.02064907802196,22.620649558191797,40.50249289089005,22.620649558191797,40.50249289089005
0.0,17.487593157136782,77.02064907802196,17.487593157136782,77.02064907802196,22.620649558191797,40.50249289089005,22.620649558191797,40.50249289089005
0.0,17.487593157136782,77.02064907802196,17.487593157136782,77.02064907802196,22.620649558191797,40.50249289089005,22.620649558191797,40.50249289089005
0.0,17.487593157136782,77.02064907802196,17.487593157136782,77.02064907802196,22.620649558191797,40.50249289089005,22.620649558191797,40.50249289089005
0.0,17.487593157136782,77.02064907802196,17.487593157136782,77.02064907802196,22.620649558191797,40.50249289089005,22.620649558191797,40.50249289089005
0.0,17.487593157136782,77.02064907802196,17.487593157136782,77.02064907802196,22.620649558191797,40.50249289089005,22.620649558191797,40.50249289089005
0.0,17.487593157136782,77.02064907802196,17.487593157136782,77.02064907802196,22.62064955819178,40.50249289089008,22.620649558191797,40.50249289089005
0.0,17.487593157136782,77.02064907802196,17.487593157136782,77.02064907802196,22.62064955819178,40.50249289089008,22.620649558191797,40.50249289089005
0.0,17.487593157136782,77.02064907802196,17.487593157136782,77.02064907802196,22.62064955819178,40.50249289089008,22.620649558191797,40.50249289089005
0.0,17.487593157136782,77.02064907802196,17.487593157136782,77.02064907802196,22.62064955819178,40.50249289089008,22.620649558191797,40.50249289089005
0.0,17.487593157136782,77.02064907802196,17.487593157136782,77.02064907802196,17.4820132785711,48.31144362181608,22.620649558191797,40.50249289089005
0.0,17.487593157136782,77.02064907802196,17.487593157136782,77.02064907802196,17.4820132785711,48.31144362181608,22.620649558191797,40.50249289089005
0.0,17.487593157136782,77.02064907802196,17.487593157136782,77.02064907802196,17.4820132785711,48.31144362181608,22.620649558191797,40.50249289089005
0.0,17.487593157136782,77.02064907802196,17.487593157136782,77.02064907802196,17.4820132785711,48.31144362181608,22.620649558191797,40.50249289089005
0.0,17.487593157136782,77.02064907802196,17.487593157136782,77.02064907802196,12.806510643537132,56.32921776306095,22.620649558191797,40.50249289089005
0.0,17.487593157136782,77.02064907802196,17.487593157136782,77.02064907802196,12.806510643537132,56.32921776306095,22.620649558191797,40.50249289089005
0.0,17.487593157136782,77.02064907802196,17.487593157136782,77.02064907802196,12.806510643537132,56.32921776306095,22.620649558191797,40.50249289089005
0.0,17.487593157136782,77.02064907802196,17.487593157136782,77.02064907802196,12.806510643537132,56.32921776306095,22.620649558191797,40.50249289089005
0.0,17.487593157136782,77.02064907802196,17.487593157136782,77.02064907802196,9.11589335697924,63.78493699979698,22.620649558191797,40.50249289089005
0.0,17.487593157136782,77.02064907802196,17.487593157136782,77.02064907802196,9.11589335697924,63.78493699979698,22.620649558191797,40.50249289089005
0.0,17.487593157136782,77.02064907802196,17.487593157136782,77.02064907802196,9.11589335697924,63.78493699979698,22.620649558191797,40.50249289089005
0.0,17.487593157136782,77.02064907802196,17.487593157136782,77.02064907802196,9.11589335697924,63.78493699979698,22.620649558191797,40.50249289089005
0.0,17.487593157136782,77.02064907802196,17.487593157136782,77.02064907802196,9.11589335697924,63.78493699979698,22.620649558191797,40.50249289089005
0.0,17.487593157136782,77.02064907802196,17.487593157136782,77.02064907802196,6.783089164022288,70.08432635779742,22.620649558191797,40.50249289089005
0.0,17.487593157136782,77.02064907802196,17.487593157136782,77.02064907802196,6.783089164022288,70.08432635779742,22.620649558191797,40.50249289089005
0.0,17.487593157136782,77.02064907802196,17.487593157136782,77.02064907802196,6.783089164022288,70.08432635779742,22.620649558191797,40.50249289089005
0.0,17.487593157136782,77.02064907802196,17.487593157136782,77.02064907802196,6.783089164022288,70.08432635779742,22.620649558191797,40.50249289089005
0.0,17.487593157136782,77.02064907802196,17.487593157136782,77.02064907802196,6.023705678471587,74.73403904036115,22.620649558191797,40.50249289089005
0.0,17.487593157136782,77.02064907802196,17.487593157136782,77.02064907802196,6.023705678471587,74.73403904036115,22.620649558191797,40.50249289089005
0.0,17.487593157136782,77.02064907802196,17.487593157136782,77.02064907802196,6.023705678471587,74.73403904036115,22.620649558191797,40.50249289089005
0.0,17.487593157136782,77.02064907802196,17.487593157136782,77.02064907802196,6.023705678471587,74.73403904036115,22.620649558191797,40.50249289089005
0.0,17.487593157136782,77.02064907802196,17.487593157136782,77.02064907802196,6.8544718630275305,77.34621163809898,22.620649558191797,40.50249289089005
0.0,17.487593157136782,77.02064907802196,17.487593157136782,77.02064907802196,6.8544718630275305,77.34621163809898,22.620649558191797,40.50249289089005
0.0,17.487593157136782,77.02064907802196,17.487593157136782,77.02064907802196,6.8544718630275305,77.34621163809898,22.620649558191797,40.50249289089005
0.0,17.487593157136782,77.02064907802196,17.487593157136782,77.02064907802196,6.8544718630275305,77.34621163809898,22.620649558191797,40.50249289089005
0.0,17.487593157136782,77.02064907802196,17.487593157136782,77.02064907802196,9.072596142675485,77.6870678533375,22.620649558191797,40.50249289089005
0.0,17.487593157136782,77.02064907802196,17.487593157136782,77.02064907802196,9.072596142675485,77.6870678533375,22.620649558191797,40.50249289089005
0.0,17.487593157136782,77.02064907802196,17.487593157136782,77.02064907802196,9.072596142675485,77.6870678533375,22.620649558191797,40.50249289089005
0.0,17.487593157136782,77.02064907802196,17.487593157136782,77.02064907802196,9.072596142675485,77.6870678533375,22.620649558191797,40.50249289089005
0.0,17.487593157136782,77.02064907802196,17.487593157136782,77.02064907802196,12.30251930326249,75.72505104984408,22.620649558191797,40.50249289089005
0.0,17.487593157136782,77.02064907802196,17.487593157136782,77.02064907802196,12.30251930326249,75.72505104984408,22.620649558191797,40.50249289089005
0.0,17.487593157136782,77.02064907802196,17.487593157136782,77.02064907802196,12.30251930326249,75.72505104984408,22.620649558191797,40.50249289089005
0.0,17.487593157136782,77.02064907802196,17.487593157136782,77.02064907802196,12.30251930326249,75.72505104984408,22.620649558191797,40.50249289089005
0.0,17.487593157136782,77.02064907802196,17.487593157136782,77.02064907802196,12.30251930326249,75.72505104984408,22.620649558191797,40.50249289089005
0.0,17.487593157136782,77.02064907802196,17.487593157136782,77.02064907802196,16.104224924111953,71.63839483371358,22.620649558191797,40.50249289089005
0.0,17.487593157136782,77.02064907802196,17.487593157136782,77.02064907802196,16.104224924111953,71.63839483371358,22.620649558191797,40.50249289089005
0.0,17.487593157136782,77.02064907802196,17.487593157136782,77.02064907802196,16.104224924111953,71.63839483371358,22.620649558191797,40.50249289089005
0.0,17.487593157136782,77.02064907802196,17.487593157136782,77.02064907802196,16.104224924111953,71.63839483371358,22.620649558191797,40.50249289089005
0.0,17.487593157136782,77.02064907802196,17.487593157136782,77.02064907802196,16.104224924111953,71.63839483371358,22.62064955819178,40.50249289089008
0.0,17.487593157136782,77.02064907802196,17.487593157136782,77.02064907802196,16.104224924111953,71.63839483371358,22.62064955819178,40.50249289089008
0.0,17.487593157136782,77.02064907802196,17.487593157136782,77.02064907802196,16.104224924111953,71.63839483371358,22.62064955819178,40.50249289089008
0.0,17.487593157136782,77.02064907802196,17.487593157136782,77.02064907802196,16.104224924111953,71.63839483371358,22.62064955819178,40.50249289089008
0.0,17.487593157136782,77.02064907802196,17.487593157136782,77.02064907802196,16.104224924111953,71.63839483371358,17.4820132785711,48.31144362181608
0.0,17.487593157136782,77.02064907802196,17.487593157136782,77.02064907802196,16.104224924111953,71.63839483371358,17.4820132785711,48.31144362181608
0.0,17.487593157136782,77.02064907802196,17.487593157136782,77.02064907802196,16.104224924111953,71.63839483371358,17.4820132785711,48.31144362181608
0.0,17.487593157136782,77.02064907802196,17.487593157136782,77.02064907802196,16.104224924111953,71.63839483371358,17.4820132785711,48.31144362181608
0.0,17.487593157136782,77.02064907802196,17.487593157136782,77.02064907802196,16.104224924111953,71.63839483371358,17.4820132785711,48.31144362181608
0.0,17.487593157136782,77.02064907802196,17.487593157136782,77.02064907802196,16.104224924111953,71.63839483371358,12.806510643537132,56.32921776306095
0.0,17.487593157136782,77.02064907802196,17.487593157136782,77.02064907802196,16.104224924111953,71.63839483371358,12.806510643537132,56.32921776306095
0.0,17.487593157136782,77.02064907802196,17.487593157136782,77.02064907802196,16.104224924111953,71.63839483371358,12.806510643537132,56.32921776306095
0.0,17.487593157136782,77.02064907802196,17.487593157136782,77.02064907802196,16.104224924111953,71.63839483371358,12.806510643537132,56.32921776306095
0.0,17.487593157136782,77.02064907802196,17.487593157136782,77.02064907802196,16.104224924111953,71.63839483371358,9.11589335697924,63.78493699979698
0.0,17.487593157136782,77.02064907802196,17.487593157136782,77.02064907802196,16.104224924111953,71.63839483371358,9.11589335697924,63.78493699979698
0.0,17.487593157136782,77.02064907802196,17.487593157136782,77.02064907802196,16.104224924111953,71.63839483371358,9.11589335697924,63.78493699979698
0.0,17.487593157136782,77.02064907802196,17.487593157136782,77.02064907802196,16.104224924111953,71.63839483371358,9.11589335697924,63.78493699979698
0.0,17.487593157136782,77.02064907802196,17.487593157136782,77.02064907802196,16.104224924111953,71.63839483371358,9.11589335697924,63.78493699979698
0.0,17.487593157136782,77.02064907802196,17.487593157136782,77.02064907802196,16.104224924111953,71.63839483371358,6.783089164022288,70.08432635779742
0.0,17.487593157136782,77.02064907802196,17.487593157136782,77.02064907802196,16.104224924111953,71.63839483371358,6.783089164022288,70.08432635779742
0.0,17.487593157136782,77.02064907802196,17.487593157136782,77.02064907802196,16.104224924111953,71.63839483371358,6.783089164022288,70.08432635779742
0.0,17.487593157136782,77.02064907802196,17.487593157136782,77.02064907802196,16.104224924111953,71.63839483371358,6.783089164022288,70.08432635779742
0.0,17.487593157136782,77.02064907802196,17.487593157136782,77.02064907802196,16.104224924111953,71.63839483371358,6.023705678471587,74.73403904036115
0.0,17.487593157136782,77.02064907802196,17.487593157136782,77.02064907802196,16.104224924111953,71.63839483371358,6.023705678471587,74.73403904036115
0.0,17.487593157136782,77.02064907802196,17.487593157136782,77.02064907802196,16.104224924111953,71.63839483371358,6.023705678471587,74.73403904036115
0.0,17.487593157136782,77.02064907802196,17.487593157136782,77.02064907802196,16.104224924111953,71.63839483371358,6.023705678471587,74.73403904036115
0.0,17.487593157136782,77.02064907802196,17.487593157136782,77.02064907802196,16.104224924111953,71.63839483371358,6.8544718630275305,77.34621163809898
0.0,17.487593157136782,77.02064907802196,17.487593157136782,77.02064907802196,16.104224924111953,71.63839483371358,6.8544718630275305,77.34621163809898
0.0,17.487593157136782,77.02064907802196,17.487593157136782,77.02064907802196,16.104224924111953,71.63839483371358,6.8544718630275305,77.34621163809898
0.0,17.487593157136782,77.02064907802196,17.487593157136782,77.02064907802196,16.104224924111953,71.63839483371358,6.8544718630275305,77.34621163809898
0.0,17.487593157136782,77.02064907802196,17.487593157136782,77.02064907802196,16.104224924111953,71.63839483371358,6.8544718630275305,77.34621163809898
0.0,17.487593157136782,77.02064907802196,17.487593157136782,77.02064907802196,16.104224924111953,71.63839483371358,9.072596142675485,77.6870678533375
0.0,17.487593157136782,77.02064907802196,17.487593157136782,77.02064907802196,16.104224924111953,71.63839483371358,9.072596142675485,77.6870678533375
0.0,17.487593157136782,77.02064907802196,17.487593157136782,77.02064907802196,16.104224924111953,71.63839483371358,9.072596142675485,77.6870678533375
0.0,17.487593157136782,77.02064907802196,17.487593157136782,77.02064907802196,16.104224924111953,71.63839483371358,9.072596142675485,77.6870678533375
0.0,17.487593157136782,77.02064907802196,17.487593157136782,77.02064907802196,16.104224924111953,71.63839483371358,12.30251930326249,75.72505104984408
0.0,17.487593157136782,77.02064907802196,17.487593157136782,77.02064907802196,16.104224924111953,71.63839483371358,12.30251930326249,75.72505104984408
0.0,17.487593157136782,77.02064907802196,17.487593157136782,77.02064907802196,16.104224924111953,71.63839483371358,12.30251930326249,75.72505104984408
0.0,17.487593157136782,77.02064907802196,17.487593157136782,77.02064907802196,16.104224924111953,71.63839483371358,12.30251930326249,75.72505104984408
0.0,17.487593157136782,77.02064907802196,17.487593157136782,77.02064907802196,16.104224924111953,71.63839483371358,12.30251930326249,75.72505104984408
0.0,17.487593157136782,77.02064907802196,17.487593157136782,77.02064907802196,16.104224924111953,71.63839483371358,16.104224924111953,71.63839483371358
0.0,17.487593157136782,77.02064907802196,17.487593157136782,77.02064907802196,16.104224924111953,71.63839483371358,16.104224924111953,71.63839483371358
0.0,17.487593157136782,77.02064907802196,17.487593157136782,77.02064907802196,16.104224924111953,71.63839483371358,16.104224924111953,71.63839483371358
0.0,17.487593157136782,77.02064907802196,17.487593157136782,77.02064907802196,16.104224924111953,71.63839483371358,16.104224924111953,71.63839483371358
0.0,17.487593157136782,77.02064907802196,17.487593157136782,77.02064907802196,16.10422492411196,71.63839483371356,16.10422492411196,71.63839483371356
0.0,17.487593157136782,77.02064907802196,17.487593157136782,77.02064907802196,16.10422492411196,71.63839483371356,16.10422492411196,71.63839483371356
0.0,17.45922527152108,76.69843481871924,17.45922527152108,76.69843481871924,16.091170287495476,72.01340476094575,16.091170287495476,72.01340476094575
0.0,17.45922527152108,76.69843481871924,17.45922527152108,76.69843481871924,16.091170287495476,72.01340476094575,16.091170287495476,72.01340476094575
0.0,17.43306801617116,76.37348866758765,17.43306801617116,76.37348866758765,16.080515592254034,72.38527129326889,16.080515592254034,72.38527129326889
0.0,17.43306801617116,76.37348866758765,17.43306801617116,76.37348866758765,16.080515592254034,72.38527129326889,16.080515592254034,72.38527129326889
0.0,17.409130629906656,76.04578899874173,17.409130629906656,76.04578899874173,16.072245841988074,72.75402964003548,16.072245841988074,72.75402964003548
0.0,17.409130629906656,76.04578899874173,17.409130629906656,76.04578899874173,16.072245841988074,72.75402964003548,16.072245841988074,72.75402964003548
0.0,17.387422662689872,75.71531344718234,17.387422662689872,75.71531344718234,16.066346598400532,73.1197138183706,16.066346598400532,73.1197138183706
0.0,17.387422662689872,75.71531344718234,17.387422662689872,75.71531344718234,16.066346598400532,73.1197138183706,16.066346598400532,73.1197138183706
0.0,17.367953989506937,75.38203888372415,17.367953989506937,75.38203888372415,16.06280395781906,73.48235669774114,16.06280395781906,73.48235669774114
0.0,17.367953989506937,75.38203888372415,17.367953989506937,75.38203888372415,16.06280395781906,73.48235669774114,16.06280395781906,73.48235669774114
0.0,17.35073482479734,75.04594138880229,17.35073482479734,75.04594138880229,16.061604528787434,73.84199004235354,16.061604528787434,73.84199004235354
0.0,17.35073482479734,75.04594138880229,17.35073482479734,75.04594138880229,16.061604528787434,73.84199004235354,16.061604528787434,73.84199004235354
0.0,17.335775737462896,74.70699622509484,17.335775737462896,74.70699622509484,16.062735410661652,74.19864455150929,16.062735410661652,74.19864455150929
0.0,17.335775737462896,74.70699622509484,17.335775737462896,74.70699622509484,16.062735410661652,74.19864455150929,16.062735410661652,74.19864455150929
0.0,17.323087666490764,74.36517780889234,17.323087666490764,74.36517780889234,16.0661841731501,74.55234989803905,16.0661841731501,74.55234989803905
0.0,17.323087666490764,74.36517780889234,17.323087666490764,74.36517780889234,16.0661841731501,74.55234989803905,16.0661841731501,74.55234989803905
0.0,17.31268193722657,74.02045968014113,17.31268193722657,74.02045968014113,16.071938836742298,74.90313476492796,16.071938836742298,74.90313476492796
0.0,17.3045702783362,73.67281447108275,17.3045702783362,73.67281447108275,16.079987853973357,75.25102688023652,16.079987853973357,75.25102688023652
0.0,17.3045702783362,73.67281447108275,17.3045702783362,73.67281447108275,16.079987853973357,75.25102688023652,16.079987853973357,75.25102688023652
0.0,17.3045702783362,73.67281447108275,17.3045702783362,73.67281447108275,16.079987853973357,75.25102688023652,16.079987853973357,75.25102688023652
0.0,17.3045702783362,73.67281447108275,17.3045702783362,73.67281447108275,16.079987853973357,75.25102688023652,16.079987853973357,75.25102688023652
0.0,17.3045702783362,73.67281447108275,17.3045702783362,73.67281447108275,16.079987853973357,75.25102688023652,16.079987853973357,75.25102688023652
0.0,17.3045702783362,73.67281447108275,17.3045702783362,73.67281447108275,16.079987853973357,75.25102688023652,16.079987853973357,75.25102688023652
0.0,17.3045702783362,73.67281447108275,17.3045702783362,73.67281447108275,16.079987853973357,75.25102688023652,16.079987853973357,75.25102688023652
0.0,17.3045702783362,73.67281447108275,17.3045702783362,73.67281447108275,16.079987853973357,75.25102688023652,16.079987853973357,75.25102688023652
0.0,17.3045702783362,73.67281447108275,17.3045702783362,73.67281447108275,16.079987853973357,75.25102688023652,16.079987853973357,75.25102688023652
0.0,17.3045702783362,73.67281447108275,17.3045702783362,73.67281447108275,16.079987853973357,75.25102688023652,16.079987853973357,75.25102688023652
0.0,17.3045702783362,73.67281447108275,17.3045702783362,73.67281447108275,16.079987853973357,75.25102688023652,16.079987853973357,75.25102688023652
0.0,17.3045702783362,73.67281447108275,17.3045702783362,73.67281447108275,16.079987853973357,75.25102688023652,16.079987853973357,75.25102688023652
0.0,17.3045702783362,73.67281447108275,17.3045702783362,73.67281447108275,16.079987853973357,75.25102688023652,16.079987853973357,75.25102688023652
0.0,17.3045702783362,73.67281447108275,17.3045702783362,73.67281447108275,16.079987853973357,75.25102688023652,16.079987853973357,75.25102688023652
0.0,17.3045702783362,73.67281447108275,17.3045702783362,73.67281447108275,16.079987853973357,75.25102688023652,16.079987853973357,75.25102688023652
0.0,17.3045702783362,73.67281447108275,17.3045702783362,73.67281447108275,16.079987853973357,75.25102688023652,16.079987853973357,75.25102688023652
0.0,17.3045702783362,73.67281447108275,17.3045702783362,73.67281447108275,16.079987853973357,75.25102688023652,16.079987853973357,75.25102688023652
0.0,17.3045702783362,73.67281447108275,17.3045702783362,73.67281447108275,16.079987853973357,75.25102688023652,16.079987853973357,75.25102688023652
0.0,17.3045702783362,73.67281447108275,17.3045702783362,73.67281447108275,16.079987853973357,75.25102688023652,16.079987853973357,75.25102688023652
0.0,17.3045702783362,73.67281447108275,17.3045702783362,73.67281447108275,16.079987853973357,75.25102688023652,16.079987853973357,75.25102688023652
0.0,17.3045702783362,73.67281447108275,17.3045702783362,73.67281447108275,16.079987853973357,75.25102688023652,16.079987853973357,75.25102688023652
0.0,17.3045702783362,73.67281447108275,17.3045702783362,73.67281447108275,16.079987853973357,75.25102688023652,16.079987853973357,75.25102688023652
0.0,17.3045702783362,73.67281447108275,17.3045702783362,73.67281447108275,16.079987853973357,75.25102688023652,16.079987853973357,75.25102688023652
0.0,17.3045702783362,73.67281447108275,17.3045702783362,73.67281447108275,16.079987853973357,75.25102688023652,16.079987853973357,75.25102688023652
0.0,17.3045702783362,73.67281447108275,17.3045702783362,73.67281447108275,16.079987853973357,75.25102688023652,16.079987853973357,75.25102688023652
0.0,17.3045702783362,73.67281447108275,17.3045702783362,73.67281447108275,16.079987853973357,75.25102688023652,16.079987853973357,75.25102688023652
0.0,17.3045702783362,73.67281447108275,17.3045702783362,73.67281447108275,16.079987853973357,75.25102688023652,16.079987853973357,75.25102688023652
0.0,17.3045702783362,73.67281447108275,17.3045702783362,73.67281447108275,16.079987853973357,75.25102688023652,16.079987853973357,75.25102688023652
0.0,17.3045702783362,73.67281447108275,17.3045702783362,73.67281447108275,16.079987853973357,75.25102688023652,16.079987853973357,75.25102688023652
0.0,17.3045702783362,73.67281447108275,17.3045702783362,73.67281447108275,16.079987853973357,75.25102688023652,16.079987853973357,75.25102688023652
0.0,17.3045702783362,73.67281447108275,17.3045702783362,73.67281447108275,16.079987853973357,75.25102688023652,16.079987853973357,75.25102688023652
0.0,17.3045702783362,73.67281447108275,17.3045702783362,73.67281447108275,16.079987853973357,75.25102688023652,16.079987853973357,75.25102688023652
0.0,17.3045702783362,73.67281447108275,17.3045702783362,73.67281447108275,16.079987853973357,75.25102688023652,16.079987853973357,75.25102688023652
0.0,17.3045702783362,73.67281447108275,17.3045702783362,73.67281447108275,16.079987853973357,75.25102688023652,16.079987853973357,75.25102688023652
0.0,17.3045702783362,73.67281447108275,17.3045702783362,73.67281447108275,16.079987853973357,75.25102688023652,16.079987853973357,75.25102688023652
0.0,17.3045702783362,73.67281447108275,17.3045702783362,73.67281447108275,16.079987853973357,75.25102688023652,16.079987853973357,75.25102688023652
0.0,17.3045702783362,73.67281447108275,17.3045702783362,73.67281447108275,16.079987853973357,75.25102688023652,16.079987853973357,75.25102688023652
0.0,17.3045702783362,73.67281447108275,17.3045702783362,73.67281447108275,16.079987853973357,75.25102688023652,16.079987853973357,75.25102688023652
0.0,17.3045702783362,73.67281447108275,17.3045702783362,73.67281447108275,16.079987853973357,75.25102688023652,16.079987853973357,75.25102688023652
0.0,17.3045702783362,73.67281447108275,17.3045702783362,73.67281447108275,16.079987853973357,75.25102688023652,16.079987853973357,75.25102688023652
0.0,17.3045702783362,73.67281447108275,17.3045702783362,73.67281447108275,16.079987853973357,75.25102688023652,16.079987853973357,75.25102688023652
0.0,17.3045702783362,73.67281447108275,17.3045702783362,73.67281447108275,16.079987853973357,75.25102688023652,16.079987853973357,75.25102688023652
0.0,17.3045702783362,73.67281447108275,17.3045702783362,73.67281447108275,16.079987853973357,75.25102688023652,16.079987853973357,75.25102688023652
0.0,17.3045702783362,73.67281447108275,17.3045702783362,73.67281447108275,16.079987853973357,75.25102688023652,16.079987853973357,75.25102688023652
0.0,17.3045702783362,73.67281447108275,17.3045702783362,73.67281447108275,16.079987853973357,75.25102688023652,16.079987853973357,75.25102688023652
0.0,17.3045702783362,73.67281447108275,17.3045702783362,73.67281447108275,16.079987853973357,75.25102688023652,16.079987853973357,75.25102688023652
0.0,17.3045702783362,73.67281447108275,17.3045702783362,73.67281447108275,16.079987853973357,75.25102688023652,16.079987853973357,75.25102688023652
0.0,17.3045702783362,73.67281447108275,17.3045702783362,73.67281447108275,16.079987853973357,75.25102688023652,16.079987853973357,75.25102688023652
0.0,17.3045702783362,73.67281447108275,17.3045702783362,73.67281447108275,16.079987853973357,75.25102688023652,16.079987853973357,75.25102688023652
0.0,17.3045702783362,73.67281447108275,17.3045702783362,73.67281447108275,16.079987853973357,75.25102688023652,16.079987853973357,75.25102688023652
0.0,17.3045702783362,73.67281447108275,17.3045702783362,73.67281447108275,16.079987853973357,75.25102688023652,16.079987853973357,75.25102688023652
0.0,17.3045702783362,73.67281447108275,17.3045702783362,73.67281447108275,16.079987853973357,75.25102688023652,16.079987853973357,75.25102688023652
0.0,17.3045702783362,73.67281447108275,17.3045702783362,73.67281447108275,16.079987853973357,75.25102688023652,16.079987853973357,75.25102688023652
0.0,17.3045702783362,73.67281447108275,17.3045702783362,73.67281447108275,16.079987853973357,75.25102688023652,16.079987853973357,75.25102688023652
0.0,17.3045702783362,73.67281447108275,17.3045702783362,73.67281447108275,16.079987853973357,75.25102688023652,16.079987853973357,75.25102688023652
0.0,17.3045702783362,73.67281447108275,17.3045702783362,73.67281447108275,16.079987853973357,75.25102688023652,16.079987853973357,75.25102688023652
0.0,17.3045702783362,73.67281447108275,17.3045702783362,73.67281447108275,16.079987853973357,75.25102688023652,16.079987853973357,75.25102688023652
0.0,17.3045702783362,73.67281447108275,17.3045702783362,73.67281447108275,16.079987853973357,75.25102688023652,16.079987853973357,75.25102688023652
0.0,17.3045702783362,73.67281447108275,17.3045702783362,73.67281447108275,16.079987853973357,75.25102688023652,16.079987853973357,75.25102688023652
0.0,17.3045702783362,73.67281447108275,17.3045702783362,73.67281447108275,16.079987853973357,75.25102688023652,16.079987853973357,75.25102688023652
0.0,17.3045702783362,73.67281447108275,17.3045702783362,73.67281447108275,16.079987853973357,75.25102688023652,16.079987853973357,75.25102688023652
0.0,17.3045702783362,73.67281447108275,17.3045702783362,73.67281447108275,16.079987853973357,75.25102688023652,16.079987853973357,75.25102688023652
0.0,17.3045702783362,73.67281447108275,17.3045702783362,73.67281447108275,16.079987853973357,75.25102688023652,16.079987853973357,75.25102688023652
0.0,17.3045702783362,73.67281447108275,17.3045702783362,73.67281447108275,16.079987853973357,75.25102688023652,16.079987853973357,75.25102688023652
0.0,17.3045702783362,73.67281447108275,17.3045702783362,73.67281447108275,16.079987853973357,75.25102688023652,16.079987853973357,75.25102688023652
0.0,17.3045702783362,73.67281447108275,17.3045702783362,73.67281447108275,16.079987853973357,75.25102688023652,16.079987853973357,75.25102688023652
